acc = 0.8782442998882976
acc_and_f1 = 0.8748871651183843
f1 = 0.871530030348471
